0.941142
0.779102
0.065570
0.997877
0.006346
0.979597
0.099361
0.998340
0.968894
0.001496
0.537800
0.033796
0.001709
0.995856
0.986801
0.998595
0.965166
0.057001
0.003411
0.458584
0.013321
0.975519
0.958851
0.274421
0.206726
0.838533
0.973444
0.965351
0.997273
0.905989
0.005935
0.963721
0.997836
0.997990
0.992073
0.007071
0.979893
0.976623
0.963353
0.071599
0.999298
0.001496
0.013707
0.142077
0.910619
0.263318
0.947860
0.009353
0.990438
0.997657
0.764597
0.197836
0.976538
0.008998
0.958741
0.071792
0.950263
0.882196
0.999681
0.999566
0.996958
0.993451
0.011123
0.017410
