0.312432
0.039160
0.242829
0.677245
0.000506
0.139205
0.860405
0.965864
0.942742
0.008769
0.749898
0.000744
0.000472
0.999837
0.801342
0.992398
0.294402
0.099001
0.002862
0.882967
0.000560
0.994530
0.987713
0.541554
0.714955
0.409303
0.965848
0.385775
0.998150
0.674746
0.004263
0.769625
0.869831
0.985552
0.484895
0.092175
0.982567
0.235710
0.958767
0.660050
0.999186
0.000870
0.008853
0.042727
0.698532
0.002035
0.899482
0.351862
0.998840
0.997729
0.747041
0.070242
0.249981
0.007486
0.580743
0.088185
0.982168
0.681471
0.997292
0.997855
0.999564
0.992141
0.003802
0.887753
