0.381691
0.071960
0.024030
0.000409
0.108491
0.137429
0.990406
0.070511
0.072951
0.187275
0.880955
0.370327
0.000673
0.999841
0.732238
0.453231
0.001564
0.946611
0.084003
0.601452
0.028319
0.090319
0.596450
0.996630
0.541900
0.588369
0.858359
0.068602
0.998337
0.225702
0.007699
0.581662
0.153969
0.971970
0.072206
0.115268
0.788995
0.310861
0.637023
0.927216
0.999265
0.004698
0.152584
0.901685
0.811830
0.025274
0.863506
0.994751
0.942617
0.196406
0.036274
0.129884
0.001867
0.411337
0.151049
0.282920
0.751837
0.562691
0.852443
0.131764
0.999932
0.982197
0.000268
0.999097
